#! FIELDS time perov ene vol intEne ecv2.perov opes.bias
 0.000000 0.46441 -86817.4 14.2045 -86816.6 0.46441 0
 0.200000 0.609577 -86829.3 15.3524 -86828.4 0.609577 0
 0.400000 0.63074 -87073.3 15.1049 -87072.4 0.63074 0
 0.600000 0.623903 -87175.6 15.2102 -87174.7 0.623903 0
 0.800000 0.54437 -87022.8 15.5702 -87021.8 0.54437 0
 1.000000 0.588227 -86990.7 15.1594 -86989.8 0.588227 0
 1.200000 0.656074 -86999 15.541 -86998 0.656074 0
 1.400000 0.646593 -86979.4 15.2996 -86978.5 0.646593 0
 1.600000 0.629352 -87047.3 15.3694 -87046.3 0.629352 0
 1.800000 0.542968 -86844.7 15.4755 -86843.8 0.542968 0
 2.000000 0.561544 -86995.5 15.3755 -86994.6 0.561544 0
 2.200000 0.529394 -86943.1 15.4281 -86942.2 0.529394 0
 2.400000 0.630086 -86941.5 15.4323 -86940.6 0.630086 0
 2.600000 0.707551 -86927.4 15.3626 -86926.4 0.707551 0
 2.800000 0.634857 -86979.3 15.4078 -86978.4 0.634857 0
 3.000000 0.657129 -86875.5 15.3544 -86874.6 0.657129 0
 3.200000 0.667169 -86977.4 15.3839 -86976.4 0.667169 0
 3.400000 0.668503 -87032.5 15.4174 -87031.6 0.668503 0
 3.600000 0.618513 -86964.6 15.3266 -86963.6 0.618513 0
 3.800000 0.667748 -86866 15.4977 -86865.1 0.667748 0
 4.000000 0.594874 -86892.5 15.414 -86891.5 0.594874 0
 4.200000 0.562113 -86887.7 15.4976 -86886.8 0.562113 0
 4.400000 0.657469 -86833.4 15.4509 -86832.4 0.657469 0
 4.600000 0.566556 -86838.6 15.4687 -86837.6 0.566556 0
 4.800000 0.647061 -86878.5 15.4265 -86877.6 0.647061 0
 5.000000 0.622657 -86871.6 15.4469 -86870.7 0.622657 0
 5.200000 0.788024 -86820.8 15.4829 -86819.9 0.788024 0
 5.400000 0.716121 -86728.8 15.4836 -86727.8 0.716121 0
 5.600000 0.691104 -86798.9 15.4953 -86798 0.691104 0
 5.800000 0.695333 -86772.2 15.625 -86771.2 0.695333 0
 6.000000 0.737166 -86762.7 15.5425 -86761.8 0.737166 0
 6.200000 0.561138 -86789 15.561 -86788 0.561138 0
 6.400000 0.657375 -86784.8 15.5307 -86783.9 0.657375 0
 6.600000 0.639513 -86783.1 15.4859 -86782.1 0.639513 0
 6.800000 0.714811 -86777.8 15.4107 -86776.9 0.714811 0
 7.000000 0.681788 -86758.7 15.444 -86757.8 0.681788 0
 7.200000 0.602633 -86789 15.4002 -86788.1 0.602633 0
 7.400000 0.6275 -86734 15.4432 -86733.1 0.6275 0
 7.600000 0.657157 -86797.2 15.3889 -86796.2 0.657157 0
 7.800000 0.702933 -86827.4 15.4138 -86826.4 0.702933 0
 8.000000 0.684329 -86785.7 15.4358 -86784.8 0.684329 0
 8.200000 0.653754 -86737.7 15.3523 -86736.8 0.653754 0
 8.400000 0.64903 -86792 15.4799 -86791 0.64903 0
 8.600000 0.639332 -86882.1 15.487 -86881.2 0.639332 0
 8.800000 0.664999 -86836.7 15.4468 -86835.7 0.664999 0
 9.000000 0.617968 -86817.6 15.5475 -86816.7 0.617968 0
 9.200000 0.762363 -86849.1 15.4855 -86848.2 0.762363 0
 9.400000 0.706155 -86917.3 15.3891 -86916.4 0.706155 0
 9.600000 0.637487 -86787.5 15.497 -86786.6 0.637487 0
 9.800000 0.606036 -86813.1 15.3529 -86812.1 0.606036 0
 10.000000 0.671767 -86782 15.4685 -86781.1 0.671767 0
 10.200000 0.585838 -86814.3 15.4458 -86813.4 0.585838 0
 10.400000 0.551181 -86708.6 15.438 -86707.7 0.551181 0
 10.600000 0.673955 -86814.2 15.5459 -86813.2 0.673955 0
 10.800000 0.596906 -86852.5 15.2957 -86851.6 0.596906 0
 11.000000 0.631844 -86840.4 15.515 -86839.4 0.631844 0
 11.200000 0.622428 -86792.3 15.3604 -86791.4 0.622428 0
 11.400000 0.740851 -86787.6 15.3981 -86786.7 0.740851 0
 11.600000 0.648391 -86814.3 15.4712 -86813.4 0.648391 0
 11.800000 0.678731 -86827.3 15.4071 -86826.4 0.678731 0
 12.000000 0.648331 -86855.5 15.5311 -86854.6 0.648331 0
 12.200000 0.585087 -86922.5 15.436 -86921.6 0.585087 0
 12.400000 0.621079 -86857.5 15.4089 -86856.5 0.621079 0
 12.600000 0.642948 -86835.5 15.4597 -86834.5 0.642948 0
 12.800000 0.57405 -86899.4 15.3882 -86898.4 0.57405 0
 13.000000 0.693894 -86811.6 15.4132 -86810.7 0.693894 0
 13.200000 0.815722 -86814.3 15.4809 -86813.4 0.815722 0
 13.400000 0.761983 -86803.9 15.4763 -86802.9 0.761983 0
 13.600000 0.573391 -86906.9 15.4305 -86906 0.573391 0
 13.800000 0.679851 -86771.7 15.4911 -86770.8 0.679851 0
 14.000000 0.569591 -86812.2 15.4056 -86811.3 0.569591 0
 14.200000 0.587759 -86872.3 15.3918 -86871.4 0.587759 0
 14.400000 0.631561 -86779.6 15.3824 -86778.7 0.631561 0
 14.600000 0.71357 -86827.6 15.4033 -86826.7 0.71357 0
 14.800000 0.635209 -86853.8 15.392 -86852.9 0.635209 0
 15.000000 0.526661 -86743 15.4691 -86742 0.526661 0
 15.200000 0.543218 -86850 15.4846 -86849.1 0.543218 0
 15.400000 0.678784 -86797.3 15.4086 -86796.4 0.678784 0
 15.600000 0.706638 -86816.4 15.4987 -86815.5 0.706638 0
 15.800000 0.596874 -86883.9 15.4114 -86883 0.596874 0
 16.000000 0.664869 -86878.5 15.4962 -86877.6 0.664869 0
 16.200000 0.65623 -86916.1 15.4645 -86915.2 0.65623 0
 16.400000 0.765918 -86848.5 15.4727 -86847.6 0.765918 0
 16.600000 0.861097 -86877.2 15.4558 -86876.3 0.861097 0
 16.800000 0.731539 -86867.5 15.4574 -86866.6 0.731539 0
 17.000000 0.586922 -86925.4 15.4401 -86924.5 0.586922 0
 17.200000 0.602111 -86833.1 15.513 -86832.1 0.602111 0
 17.400000 0.681965 -86883.4 15.4349 -86882.4 0.681965 0
 17.600000 0.712886 -86864.4 15.4466 -86863.5 0.712886 0
 17.800000 0.620987 -86819.5 15.5053 -86818.6 0.620987 0
 18.000000 0.570838 -86839 15.3907 -86838 0.570838 0
 18.200000 0.614323 -86932.4 15.5342 -86931.4 0.614323 0
 18.400000 0.681087 -86874.5 15.3497 -86873.6 0.681087 0
 18.600000 0.662927 -86845.4 15.499 -86844.4 0.662927 0
 18.800000 0.64907 -86928.7 15.3391 -86927.7 0.64907 0
 19.000000 0.595291 -86945.5 15.3455 -86944.6 0.595291 0
 19.200000 0.584534 -86899.6 15.3527 -86898.7 0.584534 0
 19.400000 0.620793 -86825 15.4012 -86824 0.620793 0
 19.600000 0.638949 -86814.4 15.4134 -86813.5 0.638949 0
 19.800000 0.59595 -86925.4 15.3641 -86924.5 0.59595 0
 20.000000 0.626121 -86894.1 15.4181 -86893.1 0.626121 0
 20.200000 0.667394 -86833.8 15.513 -86832.8 0.667394 9.43464
 20.400000 0.580436 -86870.7 15.386 -86869.8 0.580436 -0.132379
 20.600000 0.506386 -86904 15.4494 -86903.1 0.506386 -8.51869
 20.800000 0.448262 -86908.1 15.4731 -86907.1 0.448262 -13.8446
 21.000000 0.552669 -86857.7 15.4449 -86856.8 0.552669 0.51641
 21.200000 0.573893 -86848.5 15.4423 -86847.6 0.573893 4.09207
 21.400000 0.560049 -86884.2 15.4049 -86883.3 0.560049 3.36946
 21.600000 0.605679 -86791.3 15.4256 -86790.4 0.605679 7.41499
 21.800000 0.670077 -86888.6 15.4273 -86887.6 0.670077 7.23157
 22.000000 0.662051 -86823.5 15.4491 -86822.5 0.662051 7.71259
 22.200000 0.727965 -86925.1 15.478 -86924.2 0.727965 3.68194
 22.400000 0.790542 -86762.2 15.4853 -86761.3 0.790542 -2.80661
 22.600000 2.58038 -90692.2 16.3499 -90691.2 2.58038 -5065.69
 22.800000 7.95012 -96931.9 15.6369 -96930.9 7.95012 -16094.5
 23.000000 8.51293 -98076.9 15.4851 -98075.9 8.51293 -16833.4
 23.200000 9.14039 -99252.3 15.5874 -99251.3 9.14039 -17564.1
 23.400000 9.53325 -99501.6 15.4412 -99500.7 9.53325 -17971.3
 23.600000 9.93183 -99989.8 15.2072 -99988.9 9.93183 -18345.2
 23.800000 10.2046 -100705 15.2722 -100704 10.2046 -18577.9
 24.000000 10.4155 -100955 15.2275 -100954 10.4155 -18745
 24.200000 10.8804 -101498 15.224 -101497 10.8804 -19075
 24.400000 10.6543 -101550 15.0978 -101549 10.6543 -18920.2
 24.600000 11.1441 -101848 15.1008 -101847 11.1441 -19237.2
 24.800000 10.9998 -102109 15.1101 -102108 10.9998 -19149
 25.000000 11.2646 -102346 15.214 -102346 11.2646 -19304.7
 25.200000 11.4392 -102610 15.1694 -102610 11.4392 -19397.5
 25.400000 11.4818 -102727 15.1401 -102726 11.4818 -19418.5
 25.600000 11.3309 -102983 15.2982 -102982 11.3309 -19339
 25.800000 11.6696 -103048 15.2333 -103047 11.6696 -19507.2
 26.000000 11.5778 -103323 15.2352 -103322 11.5778 -19463.5
 26.200000 11.5959 -103366 15.2961 -103365 11.5959 -19471.4
 26.400000 11.7622 -103637 15.1955 -103636 11.7622 -19546.2
 26.600000 11.7034 -103609 15.1202 -103609 11.7034 -19519.5
 26.800000 11.8425 -103845 15.2415 -103844 11.8425 -19578.7
 27.000000 12.0688 -103906 15.2004 -103905 12.0688 -19665.2
 27.200000 12.1415 -104113 15.1793 -104112 12.1415 -19689.7
 27.400000 12.1462 -104032 15.1328 -104031 12.1462 -19690.6
 27.600000 12.0221 -104048 15.158 -104047 12.0221 -19646
 27.800000 12.2872 -104341 15.1698 -104340 12.2872 -19734.3
 28.000000 12.1167 -104310 15.0457 -104309 12.1167 -19678.3
 28.200000 12.2652 -104411 15.1339 -104411 12.2652 -19726.1
 28.400000 12.229 -104325 15.0714 -104324 12.229 -19714
 28.600000 12.1684 -104432 15.0669 -104431 12.1684 -19693.7
 28.800000 12.1051 -104476 15.0222 -104475 12.1051 -19671.4
 29.000000 12.3562 -104637 15.0041 -104636 12.3562 -19750.2
 29.200000 12.361 -104575 15.0961 -104574 12.361 -19750.8
 29.400000 12.3681 -104711 15.072 -104711 12.3681 -19752.1
 29.600000 12.4544 -104708 15.0423 -104707 12.4544 -19774.8
 29.800000 12.4063 -104779 15.0278 -104778 12.4063 -19761.2
 30.000000 12.6103 -104775 15.1249 -104774 12.6103 -19810.9
 30.200000 12.3199 -104843 15.1355 -104842 12.3199 -19735.3
 30.400000 12.4674 -104925 15.171 -104924 12.4674 -19775.2
 30.600000 12.5725 -104914 15.1655 -104913 12.5725 -19800.2
 30.800000 12.5962 -104962 15.1756 -104961 12.5962 -19804.9
 31.000000 12.6658 -105135 15.2121 -105134 12.6658 -19819.2
 31.200000 12.5616 -105018 15.1729 -105017 12.5616 -19795.5
 31.400000 12.6674 -105093 15.2071 -105092 12.6674 -19818.1
 31.600000 12.7511 -105109 15.1706 -105108 12.7511 -19833.9
 31.800000 12.7239 -105086 15.2251 -105085 12.7239 -19828
 32.000000 13.112 -105149 15.1653 -105148 13.112 -19915.8
 32.200000 12.6195 -105087 15.239 -105086 12.6195 -19805.7
 32.400000 13.1971 -105278 15.1649 -105277 13.1971 -19933
 32.600000 13.3665 -105294 15.1774 -105293 13.3665 -19962.7
 32.800000 13.3001 -105287 15.1481 -105286 13.3001 -19950.9
 33.000000 13.159 -105326 15.1546 -105325 13.159 -19923
 33.200000 13.2614 -105462 15.3071 -105461 13.2614 -19942.5
 33.400000 13.291 -105478 15.2467 -105477 13.291 -19947.1
 33.600000 13.3024 -105406 15.2348 -105405 13.3024 -19948.4
 33.800000 13.402 -105503 15.2197 -105502 13.402 -19963.7
 34.000000 13.4517 -105500 15.2796 -105499 13.4517 -19970.1
 34.200000 13.5342 -105589 15.3769 -105588 13.5342 -19979.8
 34.400000 13.4521 -105569 15.3884 -105568 13.4521 -19968.7
 34.600000 13.586 -105581 15.49 -105580 13.586 -19984
 34.800000 13.4785 -105594 15.4851 -105593 13.4785 -19970.8
 35.000000 13.6001 -105553 15.5867 -105553 13.6001 -19984
 35.200000 13.4902 -105618 15.5086 -105617 13.4902 -19970.8
 35.400000 13.6572 -105694 15.651 -105693 13.6572 -19987.8
 35.600000 13.5899 -105623 15.6294 -105622 13.5899 -19980.8
 35.800000 13.6749 -105675 15.6556 -105674 13.6749 -19987.8
 36.000000 13.7533 -105760 15.7093 -105759 13.7533 -19992.7
 36.200000 13.6812 -105734 15.5485 -105733 13.6812 -19986.9
 36.400000 13.7889 -105771 15.6856 -105770 13.7889 -19993.3
 36.600000 13.8224 -105847 15.6742 -105846 13.8224 -19994.2
 36.800000 13.8494 -105885 15.6388 -105884 13.8494 -19994.6
 37.000000 13.7922 -105892 15.5572 -105892 13.7922 -19991.3
 37.200000 13.8081 -105947 15.6246 -105946 13.8081 -19991.3
 37.400000 13.8046 -105921 15.5975 -105920 13.8046 -19990.4
 37.600000 13.8658 -105897 15.6245 -105896 13.8658 -19992.2
 37.800000 13.8628 -106006 15.6744 -106005 13.8628 -19991.4
 38.000000 13.8493 -105956 15.6785 -105956 13.8493 -19990.2
 38.200000 13.8848 -106036 15.7177 -106035 13.8848 -19990.6
 38.400000 13.901 -106026 15.7537 -106025 13.901 -19990.3
 38.600000 13.9102 -105954 15.7115 -105953 13.9102 -19989.8
 38.800000 13.8917 -105994 15.6968 -105993 13.8917 -19988.6
 39.000000 13.8458 -106070 15.6447 -106069 13.8458 -19986.4
 39.200000 13.8681 -106033 15.6431 -106032 13.8681 -19986.5
 39.400000 13.865 -106017 15.688 -106016 13.865 -19985.6
 39.600000 13.8736 -106116 15.7123 -106115 13.8736 -19985.2
 39.800000 13.8246 -106079 15.6273 -106078 13.8246 -19982.6
 40.000000 13.8553 -106126 15.662 -106126 13.8553 -19983.1
